0,6
4294967278,116
4294967278,115
4294967278,114
4294967278,113
4294967278,112
4294967278,111
4294967278,110
4294967278,109
4294967278,108
4294967278,107
4294967278,106
4294967278,105
4294967278,104
4294967278,103
4294967278,102
4294967278,101
4294967278,100
4294967278,99
4294967278,98
4294967278,97
4294967278,96
4294967278,95
4294967278,94
4294967278,93
4294967278,92
4294967278,91
4294967278,90
4294967278,89
4294967278,87
4294967278,86
4294967278,85
4294967278,84
4294967278,83
4294967278,82
4294967278,81
4294967278,80
4294967278,79
4294967278,78
4294967279,116
4294967279,115
4294967279,114
4294967279,113
4294967279,112
4294967279,111
4294967279,110
4294967279,109
4294967279,108
4294967279,107
4294967279,106
4294967279,105
4294967279,104
4294967279,103
4294967279,102
4294967279,101
4294967279,100
4294967279,99
4294967279,98
4294967279,97
4294967279,96
4294967279,95
4294967279,94
4294967279,93
4294967279,92
4294967279,91
4294967279,90
4294967279,89
4294967279,87
4294967279,86
4294967279,85
4294967279,84
4294967279,83
4294967279,82
4294967279,81
4294967279,80
4294967279,79
4294967279,78
4294967279,77
4294967279,76
4294967279,75
4294967279,74
4294967279,73
4294967279,72
4294967279,71
4294967279,70
4294967279,69
4294967279,68
4294967279,67
4294967279,66
4294967279,65
4294967279,64
4294967279,63
4294967279,62
4294967279,61
4294967279,60
4294967279,59
4294967279,58
4294967279,57
4294967279,56
4294967279,55
4294967279,54
4294967279,53
4294967279,52
4294967279,51
4294967279,50
4294967279,49
4294967279,48
4294967279,47
4294967279,46
4294967279,45
4294967279,44
4294967279,43
4294501266,0
4294967279,197
4294967294,932
4294967294,931
4294967294,930
4294967294,929
4294967294,928
4294967278,198
4294967279,196
4294967278,197
4294967279,195
4294967278,196
4294967294,927
4294967279,194
4294967278,195
4294967279,193
4294967278,194
4294967294,926
4294967294,925
4294967279,192
4294967278,193
4294967279,191
4294967278,192
4294967279,190
4294967278,191
4294967279,189
4294967294,924
4294967278,190
4294967279,188
4294967278,189
4294967294,923
4294967294,922
4294967279,187
4294967294,921
4294967294,920
4294967278,188
4294967294,919
4294967294,918
4294967279,186
4294967294,917
4294967294,916
4294967294,915
4294967294,914
4294967294,913
4294967294,912
4294967294,911
4294967278,187
4294967279,185
4294967278,186
4294967279,184
4294967294,410
4294967294,910
4294967294,896
4294967278,185
4294967279,183
4294967294,909
4294967294,905
4294967294,908
4294967294,463
4294967294,183
4294967294,964
4294967278,184
4294967279,182
4294967294,402
4294967294,963
4294967278,183
4294967294,451
4294967279,181
4294967278,182
4294967279,180
4294967278,181
4294967279,179
4294967294,962
4294967278,180
4294967279,178
4294967278,179
4294967279,177
4294967278,178
4294967294,462
4294967294,961
4294967279,176
4294967278,177
4294967279,175
4294967278,176
4294967279,173
4294967294,960
4294967278,175
4294967279,172
4294967278,173
4294967279,171
4294967278,172
4294967294,907
4294967279,170
4294967278,171
4294967279,169
4294967278,170
4294967294,461
4294967279,168
4294967294,906
4294967278,169
4294967294,96
4294967279,167
4294967278,168
4294967294,825
4294967279,166
4294967294,103
4294967294,184
4294967294,105
4294967294,904
4294967278,167
4294967279,165
4294967278,166
4294967279,164
4294967278,165
4294967294,903
4294967279,163
4294967278,164
4294967279,162
4294967294,460
4294967278,163
4294967294,902
4294967294,901
4294967279,161
4294967294,89
4294967278,162
4294967279,160
4294967278,161
4294967279,159
4294967294,88
4294967294,87
4294967294,86
4294967294,85
4294967294,84
4294967294,83
4294967294,900
4294967278,160
4294967279,158
4294967294,81
4294967294,82
4294967278,159
4294967294,80
4294967294,899
4294967279,157
4294967294,459
4294967294,166
4294967278,158
4294967294,400
4294967294,448
4294967294,898
4294967279,156
4294967278,157
4294967294,17
4294967294,74
4294967294,40
4294967294,24
4294967294,397
4294967279,155
4294967278,156
4294967279,154
4294967294,897
4294967294,46
4294967278,155
4294967279,153
4294967294,458
4294967278,153
4294967294,415
4294967279,152
4294967294,831
4294967278,152
4294967279,151
4294967278,151
4294967294,65
4294967294,389
4294967279,150
4294967278,150
4294967279,149
4294967278,149
4294967294,830
4294967294,403
4294967294,829
4294967279,148
4294967278,148
4294967279,147
4294967278,147
4294967279,146
4294967294,457
4294967294,828
4294967278,146
4294967294,407
4294967294,452
4294967294,449
4294967294,404
4294967294,106
4294967279,145
4294967294,826
4294967294,827
4294967294,132
4294967278,145
4294967294,42
4294967294,50
4294967294,51
4294967294,411
4294967294,41
4294967294,409
4294967294,824
4294967278,144
4294967279,143
4294967294,456
4294967278,143
4294967294,823
4294967279,142
4294967294,433
4294967294,434
4294967278,142
4294967279,141
4294967278,141
4294967279,140
4294967278,140
4294967279,139
4294967278,139
4294967279,138
4294967294,394
4294967294,392
4294967294,186
4294967278,138
4294967294,450
4294967294,455
4294967279,271
4294967294,425
4294967294,390
4294967294,391
4294967294,174
4294967294,401
4294967294,173
4294967294,189
4294967294,405
4294967294,398
4294967294,115
4294967294,187
4294967294,190
4294967294,399
4294967294,114
4294967294,25
4294967294,406
4294967294,2
4294967278,274
4294967279,136
4294967294,387
4294967294,128
4294967294,175
4294967278,136
4294967294,107
4294967294,156
4294967294,160
4294967294,159
4294967294,185
4294967294,182
4294967294,176
4294967294,188
4294967294,179
4294967294,180
