0,569
0,568
0,545
0,543
0,541
0,388
70,35
14,5
33,4
33,24
33,8
33,5
33,3
10,168
10,279
10,193
10,248
10,247
10,172
10,106
10,201
11,7
11,24
11,26
11,16
11,9
9,3
8,7
8,14
8,2
8,3
0,318
20,2
20,1
20,3
19,1
19,3
48,4
48,3
48,2
48,1
48,0
38,3
38,1
37,3
37,1
36,3
36,1
35,10
35,9
35,8
35,6
35,5
35,3
35,1
34,9
34,8
34,7
34,6
18,1
34,5
34,4
34,3
34,1
18,3
14,1
14,4
14,3
13,1
13,3
33,126
33,125
33,124
33,123
33,122
33,121
33,120
33,119
33,118
33,117
33,116
33,115
33,114
33,113
33,112
33,111
33,110
33,109
33,108
33,107
33,106
33,105
33,104
33,103
33,102
33,101
33,100
33,99
33,98
33,97
33,96
33,95
33,94
33,93
33,92
33,91
33,90
33,89
33,88
33,1
33,87
2,2
2,1
33,86
33,85
33,84
33,83
33,82
33,81
33,80
33,79
2,3
33,78
33,77
33,76
33,75
33,74
33,73
33,72
33,71
33,70
33,69
33,68
33,67
33,66
